CA 1550 9180 5421 0.168845315904 0.285925106069 0.212314225053
AZ 870 5003 3510 0.173895662602 0.247863247863 0.204393280864
AR 431 1877 2375 0.229621736814 0.181473684211 0.20272812794
AK 144 676 1002 0.213017751479 0.14371257485 0.171632896305
FL 746 5660 3242 0.131802120141 0.230104873535 0.167602785891
IA 278 2587 1928 0.107460378817 0.144190871369 0.123145071982
VT 141 1782 937 0.0791245791246 0.150480256137 0.103714600956
HI 184 1940 1617 0.0948453608247 0.113790970934 0.1034579702
LA 146 914 2041 0.159737417943 0.0715335619794 0.0988155668358
ME 105 1392 1033 0.0754310344828 0.101645692159 0.0865979381444
TX 468 6026 5225 0.0776634583472 0.0895693779904 0.0831926051018
MO 332 4732 3397 0.0701606086221 0.097733294083 0.0816828638209
VA 285 4491 3164 0.063460253841 0.0900758533502 0.0744611365121
KS 289 3715 4164 0.0777927321669 0.069404418828 0.0733595633963
OK 167 2112 2442 0.079071969697 0.0683865683866 0.0733421168204
NE 207 4321 1672 0.0479055774126 0.123803827751 0.0690805940263
MS 232 4437 2402 0.0522875816993 0.0965861781848 0.0678461763415
NM 89 1082 1544 0.0822550831793 0.0576424870466 0.067783701447
CO 251 3636 3920 0.0690319031903 0.0640306122449 0.066437268396
OR 167 2037 3300 0.0819833087874 0.0506060606061 0.0625819748923
PA 287 4457 4938 0.0643930895221 0.0581206966383 0.0610963278339
WY 82 1962 833 0.0417940876656 0.0984393757503 0.0586762075134
NV 87 620 2353 0.140322580645 0.0369740756481 0.058526740666
NH 118 1987 2205 0.0593860090589 0.053514739229 0.0562977099237
ND 83 1922 1061 0.0431841831426 0.0782280867107 0.0556486758297
GA 243 5649 3334 0.0430164630908 0.0728854229154 0.0541021930313
RI 97 1765 1856 0.0549575070822 0.0522629310345 0.0535763601215
WI 255 5149 4769 0.0495241794523 0.0534703292095 0.0514216575923
AL 110 2406 2368 0.045719035744 0.0464527027027 0.0460829493088
MI 145 2314 4162 0.0626620570441 0.0348390197021 0.044780728845
IN 108 2443 2497 0.0442079410561 0.0432519022827 0.0437246963563
WA 228 2601 10240 0.0876585928489 0.022265625 0.0355112530177
SC 100 2704 2994 0.0369822485207 0.0334001336005 0.0351000351
NY 92 1428 3957 0.0644257703081 0.0232499368208 0.0341689879294
TN 119 3731 3298 0.031894934334 0.0360824742268 0.0338597240006
CT 87 2412 3186 0.0360696517413 0.0273069679849 0.0310825294748
UT 74 847 4161 0.0873671782763 0.0177841864936 0.0295527156549
NC 64 1771 3144 0.0361377752682 0.0203562340967 0.0260427263479
MD 94 4299 3045 0.0218655501279 0.0308702791461 0.0255991285403
KY 49 1176 2665 0.0416666666667 0.0183864915572 0.0255141890133
IL 87 2898 4008 0.0300207039337 0.0217065868263 0.0251954821894
MN 77 2227 3898 0.034575662326 0.0197537198563 0.0251428571428
NJ 61 1397 3747 0.0436649964209 0.016279690419 0.0237169517885
DE 36 2072 988 0.0173745173745 0.0364372469636 0.0235294117647
SD 57 2932 2626 0.0194406548431 0.0217060167555 0.0205109751709
MA 55 2390 3154 0.0230125523013 0.0174381737476 0.0198412698413
OH 37 1316 3112 0.0281155015198 0.0118894601542 0.016711833785
MT 53 5325 1276 0.00995305164319 0.0415360501567 0.0160581730041
ID 155 22434 2335 0.00690915574574 0.0663811563169 0.0125156445557
WV 96 2437 18125 0.0393926959376 0.00529655172414 0.00933761307266
0.0649419242668
