AR 485 1877 2387 0.258391049547 0.203183912861 0.227485928705
CA 1555 9180 5330 0.169389978214 0.291744840525 0.21433494142
AZ 894 5003 3826 0.178692784329 0.233664401464 0.202514441046
AK 165 676 1008 0.244082840237 0.16369047619 0.195961995249
FL 778 5660 3236 0.137455830389 0.240420271941 0.174910071943
IA 321 2587 1908 0.124081948203 0.168238993711 0.142825361513
VT 173 1782 941 0.0970819304153 0.183846971307 0.12706573632
HI 213 1940 1682 0.109793814433 0.126634958383 0.117614577582
LA 155 914 2120 0.169584245077 0.0731132075472 0.102175346078
TX 499 6026 4943 0.0828078327249 0.100950839571 0.0909836812836
VA 338 4491 3073 0.0752616343799 0.109990237553 0.0893707033316
MO 338 4732 3420 0.0714285714286 0.0988304093567 0.0829244357213
KS 324 3715 4246 0.0872139973082 0.0763071125765 0.081396809446
ME 90 1392 873 0.0646551724138 0.103092783505 0.0794701986755
MS 257 4437 2366 0.0579220193825 0.108622147084 0.0755549022491
OK 177 2112 2578 0.0838068181818 0.0686578743212 0.0754797441365
OR 193 2037 3111 0.0947471772214 0.0620379299261 0.0749805749806
NM 94 1082 1469 0.086876155268 0.0639891082369 0.0736965895727
NE 200 4321 1411 0.0462855820412 0.141743444366 0.0697836706211
PA 306 4457 4664 0.0686560466682 0.0656089193825 0.0670979059314
NV 89 620 2089 0.143548387097 0.0426041168023 0.0657069029162
GA 291 5649 3277 0.0515135422199 0.0888007323772 0.0652027784002
CO 252 3636 4147 0.0693069306931 0.0607668193875 0.0647565206219
RI 117 1765 1871 0.0662889518414 0.0625334045965 0.0643564356436
ND 97 1922 1147 0.0504682622268 0.0845684394071 0.0632127728901
WI 304 5149 4822 0.0590405904059 0.0630443799253 0.0609768328151
WY 83 1962 792 0.0423037716616 0.104797979798 0.0602759622368
AL 136 2406 2170 0.0565253532835 0.0626728110599 0.0594405594406
NH 115 1987 1959 0.0578761952693 0.0587034201123 0.0582868727826
MI 171 2314 4597 0.0738980121003 0.0371981727213 0.0494863261467
SC 101 2704 2457 0.0373520710059 0.041107041107 0.0391397016082
IN 87 2443 2356 0.0356119525174 0.0369269949066 0.036257553657
WA 237 2601 10688 0.0911188004614 0.0221744011976 0.0356685980886
CT 97 2412 3128 0.0402155887231 0.031010230179 0.0350180505415
NY 89 1428 3895 0.062324929972 0.0228498074454 0.0334397895923
TN 120 3731 3631 0.0321629589922 0.0330487469017 0.0325998370008
MD 115 4299 3010 0.0267504070714 0.0382059800664 0.0314680530852
KY 57 1176 2553 0.0484693877551 0.0223266745006 0.0305711987128
UT 87 847 4856 0.102715466352 0.0179159802306 0.030510257759
NC 82 1771 3655 0.0463015245624 0.0224350205198 0.0302248433468
IL 95 2898 3923 0.0327812284334 0.0242161611012 0.0278551532033
MN 75 2227 4021 0.0336775931747 0.0186520765979 0.0240076824584
DE 34 2072 768 0.0164092664093 0.0442708333333 0.0239436619719
SD 65 2932 2687 0.0221691678035 0.024190547078 0.0231357892861
NJ 59 1397 3921 0.042233357194 0.0150471818414 0.0221887927793
MA 59 2390 3552 0.0246861924686 0.0166103603604 0.0198586334568
OH 35 1316 2776 0.0265957446809 0.0126080691643 0.0171065493647
ID 176 22434 2560 0.0078452349113 0.06875 0.0140833800112
MT 42 5325 1146 0.00788732394366 0.0366492146597 0.0129809921187
WV 76 2437 17625 0.031185884284 0.00431205673759 0.00757651281029

0.0667877161127
