AR 511 1877 2209 0.272242940863 0.231326392033 0.250122369065
AK 189 676 864 0.279585798817 0.21875 0.245454545455
CA 1751 9180 5594 0.190740740741 0.313013943511 0.2370380398
AZ 907 5003 3619 0.181291225265 0.250621718707 0.210392020413
FL 861 5660 3329 0.152120141343 0.258636227095 0.191567471354
VT 206 1782 807 0.115600448934 0.255266418835 0.159134801082
IA 298 2587 1613 0.115191341322 0.184748915065 0.141904761905
HI 237 1940 1937 0.122164948454 0.122354155911 0.122259478979
LA 170 914 2388 0.185995623632 0.071189279732 0.102967898243
MS 321 4437 1870 0.0723461798513 0.171657754011 0.10179166006
VA 354 4491 3021 0.0788243152973 0.117179741807 0.0942492012779
NM 103 1082 1240 0.0951940850277 0.083064516129 0.0887166236003
OK 208 2112 2703 0.0984848484848 0.0769515353311 0.0863966770509
KS 347 3715 4518 0.0934051144011 0.076803895529 0.0842949107251
NV 100 620 1759 0.161290322581 0.0568504832291 0.084068936528
PA 359 4457 4600 0.080547453444 0.0780434782609 0.0792756983549
ME 78 1392 591 0.0560344827586 0.131979695431 0.0786686838123
OR 195 2037 3058 0.0957290132548 0.0637671680837 0.0765456329735
GA 363 5649 3987 0.0642591609134 0.0910458991723 0.0753424657534
NE 204 4321 1150 0.047211293682 0.177391304348 0.0745750319868
CO 268 3636 3808 0.0737073707371 0.0703781512605 0.0720042987641
TX 383 6026 4618 0.0635579156986 0.0829363360762 0.0719654265313
RI 122 1765 1676 0.0691218130312 0.0727923627685 0.0709096192967
MO 284 4732 3600 0.0600169061708 0.0788888888889 0.0681709073452
AL 125 2406 1607 0.0519534497091 0.0777846919726 0.0622975330177
MI 222 2314 4952 0.0959377700951 0.044830371567 0.0611065235342
NH 113 1987 1712 0.0568696527428 0.0660046728972 0.0610975939443
WY 79 1962 639 0.0402650356779 0.123630672926 0.0607458669742
WI 297 5149 5119 0.0576811031268 0.0580191443641 0.0578496299182
ND 82 1922 1006 0.0426638917794 0.0815109343936 0.0560109289617
IL 134 2898 3619 0.0462387853692 0.0370268029842 0.0411232162037
WA 287 2601 11508 0.110342176086 0.0249391727494 0.0406832518251
SC 104 2704 2429 0.0384615384615 0.0428159736517 0.0405221118254
TN 134 3731 3178 0.035915304208 0.0421648835746 0.0387899840788
CT 105 2412 3069 0.0435323383085 0.0342130987292 0.0383141762452
NC 96 1771 3415 0.0542066629023 0.0281112737921 0.0370227535673
NY 107 1428 4396 0.0749299719888 0.0243403093722 0.0367445054946
KY 71 1176 3075 0.0603741496599 0.0230894308943 0.0334039049635
NJ 85 1397 4098 0.0608446671439 0.0207418252806 0.0309372156506
MA 97 2390 4178 0.0405857740586 0.0232168501675 0.0295371498173
MD 105 4299 3159 0.0244242847174 0.0332383665717 0.028157683025
OH 52 1316 2516 0.0395136778116 0.0206677265501 0.0271398747391
UT 93 847 6059 0.109799291617 0.0153490675029 0.0269331016507
SD 73 2932 2776 0.024897680764 0.026296829971 0.0255781359495
MN 85 2227 4440 0.0381679389313 0.0191441441441 0.0254987250637
IN 56 2443 1976 0.0229226361032 0.0283400809717 0.0253451007016
DE 32 2072 488 0.015444015444 0.0655737704918 0.025
MT 51 5325 1030 0.00957746478873 0.0495145631068 0.0160503540519
ID 170 22434 1785 0.00757778372114 0.0952380952381 0.0140385647632
WV 71 2437 17883 0.0291341813705 0.00397025107644 0.00698818897637

0.0713240339829
